4294967279,47
4294967279,46
4294967279,45
4294967279,43
4294967279,36
4294967279,35
4294967279,33
4294967279,24
4294967279,22
4294967279,13
4294967278,132
4294967278,123
4294967278,424
4294967278,233
4294967278,407
4294967278,223
4294967278,330
4294967278,375
4294967278,91
4294967278,83
4294967278,80
4294967278,78
4294967278,73
4294967278,67
4294967278,64
4294967278,381
4294967278,2
4294967278,425
4294967279,324
4294967279,232
4294967279,230
4294967279,345
4294967279,308
4294967279,549
4294967279,81
4294967279,79
4294967279,68
4294967279,67
4294967279,65
4294967279,524
4294967279,363
4294967279,19
4294967279,273
4294967279,11
4294967279,362
4294967279,10
4294967279,8
4294967279,314
4294967279,249
4294967279,243
4294967279,241
4294967279,239
4294967278,238
4294967279,237
4294967278,236
4294967278,235
4294967278,335
4294967278,232
4294967278,334
4294967279,346
4294967278,332
4294967278,303
4294967278,102
4294967278,213
4294967294,473
4294967279,555
291,5
291,4
291,3
291,2
291,1
4294967278,301
4294967279,207
4294967279,381
4294967278,93
4294967278,409
4294967278,92
4294967278,315
4294967278,203
4294967294,167
4294967294,175
4294967294,1003
4294967278,90
4294967278,404
4294967279,305
4294967278,201
4294967279,197
4294967279,199
4294967279,198
4294967278,197
4294967279,82
4294967279,540
4294967278,81
4294967278,403
4294967279,338
4294967279,191
4294967279,187
4294967278,328
4294967294,389
4294967279,70
4294967279,355
4294967278,413
4294967279,54
4294967279,380
4294967278,357
4294967279,561
4294967278,344
4294967278,169
287,6
287,5
287,4
287,3
287,2
287,1
4294967279,560
4294967279,379
4294967278,294
4294967278,163
4294967278,323
4294967279,537
4294967278,162
4294967279,162
4294967294,472
4294967279,378
4294967279,160
4294967279,159
4294967278,158
4294967279,155
4294967279,158
4294967278,157
4294967278,156
4294967279,154
4294967278,154
4294967279,153
4294967278,297
4294967279,152
4294967279,39
4294967279,350
4294967278,296
4294967279,340
4294967279,37
4294967278,293
4294967278,147
4294967279,377
4294967278,146
4294967279,144
4294967279,143
284,6
284,5
284,4
284,3
284,2
284,1
4294967278,291
4294967279,376
4294967279,361
4294967279,135
4294967278,274
4294967279,280
4294967279,353
4294967294,388
4294967279,375
281,7
4294967278,447
4294967279,374
4294967279,539
281,6
4294967278,258
281,5
281,4
281,3
281,2
281,1
4294967278,423
4294967278,422
4294967279,572
4294967278,394
4294967278,250
4294967278,242
4294967278,240
4294967278,114
4294967279,236
4294967279,235
4294967279,233
278,5
278,4
278,3
278,2
278,1
4294967278,214
4294967278,101
4294967278,318
4294967279,556
276,7
4294967279,359
4294967294,995
4294967294,1007
4294967278,446
4294967278,200
276,6
276,5
276,4
276,3
276,2
276,1
4294967278,445
4294967278,312
4294967278,260
4294967279,541
4294967278,444
4294967278,82
4294967279,193
4294967279,192
4294967278,72
4294967278,402
4294967278,349
4294967279,373
4294967278,443
4294967278,68
273,6
273,5
273,4
273,3
273,2
273,1
4294967294,402
4294967294,1004
4294967294,466
4294967294,458
4294967278,442
4294967278,396
4294967279,339
4294967279,372
4294967279,169
4294967279,167
4294967279,293
4294967294,1419
4294967278,389
270,5
4294967279,157
270,4
270,3
270,2
270,1
4294967279,40
4294967278,153
4294967279,320
4294967278,152
269,5
4294967279,150
269,4
269,3
269,2
269,1
4294967279,148
4294967278,148
4294967279,147
268,6
4294967278,393
4294967294,1422
4294967294,1421
4294967279,354
268,5
268,4
268,3
268,2
268,1
4294967278,441
4294967278,139
4294967279,272
4294967278,419
267,5
267,4
267,3
267,2
267,1
4294967278,133
4294967278,284
4294967279,371
4294967278,391
4294967278,400
4294967278,268
266,4
266,3
266,2
266,1
4294967278,440
4294967279,525
265,5
265,4
265,3
265,2
265,1
4294967278,259
4294967278,327
4294967279,319
4294967294,1015
4294967294,391
4294967294,179
4294967294,163
4294967279,329
4294967279,311
263,4
263,3
263,2
263,1
4294967278,253
4294967294,177
4294967294,398
4294967294,148
4294967294,455
4294967294,112
4294967294,463
4294967294,448
4294967294,413
4294967279,246
4294967278,439
4294967278,421
4294967278,405
4294967279,559
4294967278,438
4294967278,437
4294967278,420
4294967278,226
4294967278,125
4294967278,104
4294967278,406
4294967279,360
4294967279,529
4294967279,28
4294967279,137
4294967279,26
4294967279,21
4294967279,220
4294967279,217
4294967279,210
4294967278,208
4294967279,206
4294967279,203
4294967279,202
4294967279,201
4294967278,87
4294967278,372
4294967278,199
4294967279,196
4294967278,191
4294967278,360
4294967278,386
4294967278,347
4294967278,0
4294967279,188
4294967278,187
4294967279,370
4294967279,186
262,5
4294967279,183
262,4
262,3
262,2
262,1
4294967279,182
4294967279,369
4294967278,305
4294967278,382
4294967294,120
4294967278,172
4294967279,170
4294967278,171
4294967278,170
4294967279,321
4294967279,351
4294967279,535
4294967279,520
4294967278,151
4294967278,150
4294967278,417
4294967279,146
4294967294,115
4294967279,531
4294967294,182
4294967294,197
4294967294,195
4294967278,145
4294967278,416
258,6
258,5
258,4
258,2
258,1
4294967278,134
4294967279,282
4294967279,266
4294967278,287
4294967278,270
4294967278,398
4294967279,265
4294967294,396
4294967294,178
4294967294,443
4294967294,461
4294967294,164
4294967294,464
4294967278,269
4294967278,126
4294967278,251
4294967278,115
4294967278,374
4294967278,370
4294967278,348
4294967278,70
4294967278,300
4294967278,352
4294967278,387
4294967279,312
4294967279,310
4294967279,174
4294967279,562
4294967279,528
4294967279,347
4294967279,356
4294967279,12
4294967279,275
4294967278,331
4294967278,392
4294967279,258
4294967278,264
4294967279,257
4294967279,256
4294967278,262
4294967279,255
255,6
4294967278,261
255,5
4294967279,254
255,4
4294967278,278
255,3
255,2
255,1
4294967278,436
4294967279,253
4294967279,317
4294967278,256
4294967294,89
4294967279,316
4294967294,387
4294967278,127
4294967278,322
4294967278,321
4294967279,313
4294967278,254
4294967278,320
4294967279,250
4294967279,248
4294967278,248
4294967279,247
4294967278,246
4294967279,245
4294967278,244
4294967294,423
4294967279,242
4294967278,116
4294967278,241
4294967279,240
252,7
4294967279,336
4294967294,81
4294967294,50
